==================
test 1:
student:
2
4
6
8
8
8
9
9
10
11
13
14
16
16
17
17
17
18
19
20
22
22
22
23
24
24
24
25
27
28
31
32
34
34
36
36
37
37
39
39
41
43
44
46
49
50
50
50
52
52
53
54
54
55
58
59
59
60
61
63
63
65
66
68
68
68
69
72
75
76
79
79
80
80
80
82
83
83
86
86
88
88
91
92
93
95
95
96
96
96
98
99
100
100
102
102
102
103
104
104
105
106
107
107
108
109
110
111
113
113
114
114
116
117
117
119
120
123
123
126
128
128
129
129
129
130
130
131
131
132
134
136
138
139
141
141
141
141
143
143
145
145
145
145
145
146
147
148
148
149

grader:
2
4
6
8
8
8
9
9
10
11
13
14
16
16
17
17
17
18
19
20
22
22
22
23
24
24
24
25
27
28
31
32
34
34
36
36
37
37
39
39
41
43
44
46
49
50
50
50
52
52
53
54
54
55
58
59
59
60
61
63
63
65
66
68
68
68
69
72
75
76
79
79
80
80
80
82
83
83
86
86
88
88
91
92
93
95
95
96
96
96
98
99
100
100
102
102
102
103
104
104
105
106
107
107
108
109
110
111
113
113
114
114
116
117
117
119
120
123
123
126
128
128
129
129
129
130
130
131
131
132
134
136
138
139
141
141
141
141
143
143
145
145
145
145
145
146
147
148
148
149

==================
test 2:
student:
2
4
6
8
8
8
9
9
10
11
13
14
16
16
17
17
17
18
19
20
22
22
22
23
24
24
24
25
27
28
31
32
34
34
36
36
37
37
39
39
41
43
44
46
49
50
50
50
52
52
53
54
54
55
58
59
59
60
61
63
63
65
66
68
68
68
69
72
75
76
79
79
80
80
80
82
83
83
86
86
88
88
91
92
93
95
95
96
96
96
98
99
100
100
102
102
102
103
104
104
105
106
107
107
108
109
110
111
113
113
114
114
116
117
117
119
120
123
123
126
128
128
129
129
129
130
130
131
131
132
134
136
138
139
141
141
141
141
143
143
145
145
145
145
145
146
147
148
148
149

grader:
2
4
6
8
8
8
9
9
10
11
13
14
16
16
17
17
17
18
19
20
22
22
22
23
24
24
24
25
27
28
31
32
34
34
36
36
37
37
39
39
41
43
44
46
49
50
50
50
52
52
53
54
54
55
58
59
59
60
61
63
63
65
66
68
68
68
69
72
75
76
79
79
80
80
80
82
83
83
86
86
88
88
91
92
93
95
95
96
96
96
98
99
100
100
102
102
102
103
104
104
105
106
107
107
108
109
110
111
113
113
114
114
116
117
117
119
120
123
123
126
128
128
129
129
129
130
130
131
131
132
134
136
138
139
141
141
141
141
143
143
145
145
145
145
145
146
147
148
148
149

==================
test 3:
student:
2
2
5
7
7
8
9
9
10
11
12
13
13
14
14
15
17
17
18
21
21
22
22
24
24
24
25
26
26
27
27
29
29
29
30
32
32
34
36
36
39
39
41
41
41
43
43
45
45
48
50
52
53
54
55
58
59
61
64
66
67
68
69
70
72
72
73
73
73
74
79
79
80
80
83
83
86
86
90
91
92
93
95
95
95
96
96
97
98
98
99
99
99
99
100
102
102
102
104
104
104
105
106
106
106
107
109
110
110
113
113
114
116
116
117
118
120
123
124
124
124
125
127
128
130
131
131
131
134
134
135
135
136
136
136
137
137
138
138
139
139
140
143
143
145
145
145
145
146
146
148
150
150
151
153
153
154
158
158
158
159
160
161
161
163
164
166
166
167
167
168
168
169
169
169
170
171
173
176
178
178
180
180
182
186
186
188
189
191
191
191
194
195
195
195
196
196
197
198
200

grader:
2
2
5
7
7
8
9
9
10
11
12
13
13
14
14
15
17
17
18
21
21
22
22
24
24
24
25
26
26
27
27
29
29
29
30
32
32
34
36
36
39
39
41
41
41
43
43
45
45
48
50
52
53
54
55
58
59
61
64
66
67
68
69
70
72
72
73
73
73
74
79
79
80
80
83
83
86
86
90
91
92
93
95
95
95
96
96
97
98
98
99
99
99
99
100
102
102
102
104
104
104
105
106
106
106
107
109
110
110
113
113
114
116
116
117
118
120
123
124
124
124
125
127
128
130
131
131
131
134
134
135
135
136
136
136
137
137
138
138
139
139
140
143
143
145
145
145
145
146
146
148
150
150
151
153
153
154
158
158
158
159
160
161
161
163
164
166
166
167
167
168
168
169
169
169
170
171
173
176
178
178
180
180
182
186
186
188
189
191
191
191
194
195
195
195
196
196
197
198
200

==================
test 4:
student:
2
2
2
3
3
4
6
6
7
7
7
7
9
11
11
12
12
13
14
16
18
18
18
18
20
21
23
23
25
27
29
31
31
34
35
35
37
40
40
40
41
43
43
45
45
46
48
49
49
49
50
51
52
52
54
54
57
58
58
58
59
61
61
61
64
64
65
66
67
67
69
70
72
72
74
76
77
78
79
80
82
82
82
83
86
86
86
87
88
91
91
91
92
95
95
95
95
95
95
96
98
99
100
103
104
106
106
108
109
109
110
113
114
114
116
116
116
117
117
119
122
123
124
124
124
124
125
125
126
126
127
128
129
130
133
134
136
136
136
136
136
138
141
143
144
145
145
145
146
147
148
148
148
150
150
152
153
154
154
155
155
156
158
158
159
159
160
163
163
166
166
167
169
170
170
170
171
172
173
174
176
176
177
178
180
180
181
181
184
184
189
189
190
191
193
193
194
195
195
196
196
197
198
202
205
206
209
210
210
211
212
213
213
214
217
218
218
219
219
219
221
223
223
224
227
228
229
229
230
230
232
232
235
236
236
238
239
239
239
241
242
243
245
246
246
246
247
248
250
250

grader:
2
2
2
3
3
4
6
6
7
7
7
7
9
11
11
12
12
13
14
16
18
18
18
18
20
21
23
23
25
27
29
31
31
34
35
35
37
40
40
40
41
43
43
45
45
46
48
49
49
49
50
51
52
52
54
54
57
58
58
58
59
61
61
61
64
64
65
66
67
67
69
70
72
72
74
76
77
78
79
80
82
82
82
83
86
86
86
87
88
91
91
91
92
95
95
95
95
95
95
96
98
99
100
103
104
106
106
108
109
109
110
113
114
114
116
116
116
117
117
119
122
123
124
124
124
124
125
125
126
126
127
128
129
130
133
134
136
136
136
136
136
138
141
143
144
145
145
145
146
147
148
148
148
150
150
152
153
154
154
155
155
156
158
158
159
159
160
163
163
166
166
167
169
170
170
170
171
172
173
174
176
176
177
178
180
180
181
181
184
184
189
189
190
191
193
193
194
195
195
196
196
197
198
202
205
206
209
210
210
211
212
213
213
214
217
218
218
219
219
219
221
223
223
224
227
228
229
229
230
230
232
232
235
236
236
238
239
239
239
241
242
243
245
246
246
246
247
248
250
250

==================
test 5:
student:
2
2
4
4
6
7
8
8
10
10
12
14
16
16
16
16
17
17
18
22
22
23
24
24
24
25
27
27
31
34
34
35
36
37
37
39
39
39
40
41
45
45
46
48
48
49
50
50
51
51
52
52
53
54
55
56
57
58
61
62
63
64
66
68
68
68
69
69
69
72
76
77
79
80
80
81
83
83
86
86
88
92
92
95
95
96
96
98
98
99
100
102
102
102
104
105
105
106
106
107
107
109
109
109
110
111
111
112
113
113
114
114
117
118
120
121
123
124
126
126
127
128
129
129
130
131
131
132
132
134
135
136
138
139
139
140
141
143
143
143
145
145
145
145
148
149
151
154
154
155
155
156
157
158
158
159
159
160
161
161
163
164
165
166
166
167
167
169
170
171
172
173
174
174
176
177
178
181
182
185
186
190
191
193
193
194
194
195
196
196
197
198
199
200
201
202
203
204
205
205
206
207
208
209
209
209
210
210
213
213
213
215
215
218
219
220
221
224
224
224
225
226
226
226
229
230
230
230
232
232
232
232
234
236
236
236
236
238
238
241
243
245
245
246
246
248
250
250
250
253
253
254
256
258
261
261
264
266
267
268
269
270
270
270
273
273
273
273
275
277
277
278
278
279
279
280
280
282
284
286
289
290
291
291
291
295
295
295
295
296
296
297
297
298
298
298
298
299
299
300

grader:
2
2
4
4
6
7
8
8
10
10
12
14
16
16
16
16
17
17
18
22
22
23
24
24
24
25
27
27
31
34
34
35
36
37
37
39
39
39
40
41
45
45
46
48
48
49
50
50
51
51
52
52
53
54
55
56
57
58
61
62
63
64
66
68
68
68
69
69
69
72
76
77
79
80
80
81
83
83
86
86
88
92
92
95
95
96
96
98
98
99
100
102
102
102
104
105
105
106
106
107
107
109
109
109
110
111
111
112
113
113
114
114
117
118
120
121
123
124
126
126
127
128
129
129
130
131
131
132
132
134
135
136
138
139
139
140
141
143
143
143
145
145
145
145
148
149
151
154
154
155
155
156
157
158
158
159
159
160
161
161
163
164
165
166
166
167
167
169
170
171
172
173
174
174
176
177
178
181
182
185
186
190
191
193
193
194
194
195
196
196
197
198
199
200
201
202
203
204
205
205
206
207
208
209
209
209
210
210
213
213
213
215
215
218
219
220
221
224
224
224
225
226
226
226
229
230
230
230
232
232
232
232
234
236
236
236
236
238
238
241
243
245
245
246
246
248
250
250
250
253
253
254
256
258
261
261
264
266
267
268
269
270
270
270
273
273
273
273
275
277
277
278
278
279
279
280
280
282
284
286
289
290
291
291
291
295
295
295
295
296
296
297
297
298
298
298
298
299
299
300

==================
test 6:
student:
1
1
2
3
3
4
8
8
8
9
9
10
10
11
12
13
14
14
16
16
19
19
20
20
20
23
23
24
25
25
26
30
31
32
34
34
36
38
40
43
44
45
46
46
46
46
48
48
49
49
50
50
51
52
52
54
56
57
57
57
58
58
60
60
61
61
62
64
65
66
67
68
68
69
70
70
73
73
77
78
79
79
81
81
85
88
89
89
89
89
91
91
95
95
96
99
99
100
102
104
104
105
105
105
105
108
112
113
113
113
114
115
116
116
117
117
120
121
124
124
126
127
127
128
129
129
129
134
134
135
136
136
136
136
139
140
140
143
143
145
145
146
148
148
149
150
151
153
154
156
156
161
161
162
163
163
164
166
166
167
168
168
168
169
171
171
174
174
174
176
176
177
178
179
180
180
182
184
184
185
186
186
186
188
191
195
195
196
197
197
198
198
200
202
202
204
204
206
207
208
208
213
217
217
219
222
222
223
224
226
226
227
229
231
231
232
232
232
237
238
239
240
240
242
243
245
247
248
248
249
251
251
254
254
255
256
256
257
258
258
259
259
259
261
261
261
263
264
265
266
267
267
268
268
269
270
271
272
273
274
275
277
278
278
280
280
281
282
283
284
284
286
286
286
288
289
289
291
291
292
293
295
295
295
296
297
298
298
300
300
301
302
302
303
305
305
305
305
306
306
306
307
308
309
309
309
309
310
310
315
316
317
321
322
323
324
324
325
326
327
327
327
329
330
330
330
331
331
332
332
332
333
336
337
341
341
342
343
344
345
345
345
345
345
346
348
348
348
349
350

grader:
1
1
2
3
3
4
8
8
8
9
9
10
10
11
12
13
14
14
16
16
19
19
20
20
20
23
23
24
25
25
26
30
31
32
34
34
36
38
40
43
44
45
46
46
46
46
48
48
49
49
50
50
51
52
52
54
56
57
57
57
58
58
60
60
61
61
62
64
65
66
67
68
68
69
70
70
73
73
77
78
79
79
81
81
85
88
89
89
89
89
91
91
95
95
96
99
99
100
102
104
104
105
105
105
105
108
112
113
113
113
114
115
116
116
117
117
120
121
124
124
126
127
127
128
129
129
129
134
134
135
136
136
136
136
139
140
140
143
143
145
145
146
148
148
149
150
151
153
154
156
156
161
161
162
163
163
164
166
166
167
168
168
168
169
171
171
174
174
174
176
176
177
178
179
180
180
182
184
184
185
186
186
186
188
191
195
195
196
197
197
198
198
200
202
202
204
204
206
207
208
208
213
217
217
219
222
222
223
224
226
226
227
229
231
231
232
232
232
237
238
239
240
240
242
243
245
247
248
248
249
251
251
254
254
255
256
256
257
258
258
259
259
259
261
261
261
263
264
265
266
267
267
268
268
269
270
271
272
273
274
275
277
278
278
280
280
281
282
283
284
284
286
286
286
288
289
289
291
291
292
293
295
295
295
296
297
298
298
300
300
301
302
302
303
305
305
305
305
306
306
306
307
308
309
309
309
309
310
310
315
316
317
321
322
323
324
324
325
326
327
327
327
329
330
330
330
331
331
332
332
332
333
336
337
341
341
342
343
344
345
345
345
345
345
346
348
348
348
349
350

==================
test 7:
student:
1
1
4
4
5
8
9
9
10
10
11
12
13
14
15
16
17
18
19
19
20
21
22
24
24
25
25
26
27
29
30
32
32
32
34
34
36
39
39
39
39
41
41
41
43
45
45
48
48
50
50
50
54
54
55
55
56
58
59
59
59
63
68
69
70
70
72
73
73
73
74
74
74
78
79
81
81
83
83
86
92
93
93
95
95
96
96
98
98
99
100
102
103
104
104
104
105
105
105
106
106
110
110
112
115
116
116
118
118
118
120
121
121
123
123
124
125
127
127
130
130
131
131
131
132
132
132
134
134
134
135
136
136
136
136
137
137
138
143
145
146
146
147
148
148
148
149
150
151
151
153
154
155
156
156
157
158
158
159
159
161
161
161
163
164
164
164
166
166
168
171
174
175
176
177
178
178
179
180
180
181
182
185
186
186
189
189
190
190
191
191
192
192
194
194
195
195
196
196
197
198
198
198
201
201
202
202
204
204
207
207
207
208
208
209
209
210
211
212
213
213
214
215
215
216
216
217
217
220
220
221
222
224
224
225
226
226
226
227
229
229
231
232
233
234
236
236
240
243
244
245
245
245
249
252
252
253
255
256
257
258
260
261
261
264
266
266
267
267
269
270
272
273
275
277
277
279
279
280
280
280
281
284
286
286
290
291
295
295
296
297
298
299
299
299
299
300
301
302
302
302
303
304
304
305
306
306
307
307
308
309
309
313
313
314
314
316
317
321
324
324
326
328
330
330
331
331
332
333
334
334
335
335
338
338
338
339
339
340
343
345
345
345
346
348
349
350
351
351
351
353
354
354
355
356
358
358
358
358
360
361
361
362
363
365
367
367
367
368
368
368
369
369
369
370
370
371
373
374
376
377
377
377
378
379
381
382
386
386
388
391
394
395
396
396
397
398
398
398
400

grader:
1
1
4
4
5
8
9
9
10
10
11
12
13
14
15
16
17
18
19
19
20
21
22
24
24
25
25
26
27
29
30
32
32
32
34
34
36
39
39
39
39
41
41
41
43
45
45
48
48
50
50
50
54
54
55
55
56
58
59
59
59
63
68
69
70
70
72
73
73
73
74
74
74
78
79
81
81
83
83
86
92
93
93
95
95
96
96
98
98
99
100
102
103
104
104
104
105
105
105
106
106
110
110
112
115
116
116
118
118
118
120
121
121
123
123
124
125
127
127
130
130
131
131
131
132
132
132
134
134
134
135
136
136
136
136
137
137
138
143
145
146
146
147
148
148
148
149
150
151
151
153
154
155
156
156
157
158
158
159
159
161
161
161
163
164
164
164
166
166
168
171
174
175
176
177
178
178
179
180
180
181
182
185
186
186
189
189
190
190
191
191
192
192
194
194
195
195
196
196
197
198
198
198
201
201
202
202
204
204
207
207
207
208
208
209
209
210
211
212
213
213
214
215
215
216
216
217
217
220
220
221
222
224
224
225
226
226
226
227
229
229
231
232
233
234
236
236
240
243
244
245
245
245
249
252
252
253
255
256
257
258
260
261
261
264
266
266
267
267
269
270
272
273
275
277
277
279
279
280
280
280
281
284
286
286
290
291
295
295
296
297
298
299
299
299
299
300
301
302
302
302
303
304
304
305
306
306
307
307
308
309
309
313
313
314
314
316
317
321
324
324
326
328
330
330
331
331
332
333
334
334
335
335
338
338
338
339
339
340
343
345
345
345
346
348
349
350
351
351
351
353
354
354
355
356
358
358
358
358
360
361
361
362
363
365
367
367
367
368
368
368
369
369
369
370
370
371
373
374
376
377
377
377
378
379
381
382
386
386
388
391
394
395
396
396
397
398
398
398
400

==================
test 8:
student:
4
4
5
6
8
9
9
10
10
11
15
16
16
17
17
17
17
19
20
21
22
23
24
25
27
27
28
28
31
31
31
34
34
35
36
37
37
39
39
43
43
46
46
47
48
49
51
51
52
54
55
56
56
57
58
59
59
60
62
62
63
63
63
64
65
67
69
70
71
71
71
71
72
76
77
79
80
80
82
82
84
86
86
86
88
88
91
96
96
96
98
99
100
100
100
101
102
103
104
104
104
105
106
106
106
107
109
109
109
110
111
112
114
114
114
115
116
117
117
117
119
120
125
126
127
127
128
129
129
130
131
131
132
132
133
134
136
136
136
138
139
141
141
143
143
143
144
145
147
148
148
149
149
150
151
151
151
152
154
154
154
155
155
155
157
157
158
158
158
165
166
170
171
172
174
174
175
176
177
177
184
184
185
185
190
195
195
196
196
199
200
200
202
202
202
204
204
205
208
208
209
210
213
213
216
218
218
218
218
219
219
220
221
224
225
225
226
230
230
230
231
231
232
232
232
233
236
236
236
239
241
242
243
245
245
245
246
247
247
247
248
249
250
252
252
254
256
258
259
260
261
261
261
261
261
263
263
264
264
266
266
269
270
273
273
274
275
275
276
277
278
278
279
280
280
280
282
284
284
289
289
290
291
295
295
295
295
295
296
296
297
298
298
299
300
301
301
301
302
304
306
306
307
308
308
309
309
309
310
311
312
313
314
314
316
316
316
317
318
318
321
322
322
323
324
324
325
327
327
331
332
333
334
336
339
339
339
340
340
341
341
342
344
344
344
345
346
348
348
348
349
350
350
351
351
351
352
352
353
353
354
354
355
355
357
358
359
361
361
362
364
365
368
369
369
372
374
374
374
375
376
376
377
379
380
380
381
381
382
383
384
386
386
388
388
392
395
398
399
403
403
405
406
407
408
408
411
413
415
418
418
418
419
420
420
420
421
422
422
423
423
423
424
424
424
426
429
429
429
430
431
431
431
434
435
436
440
441
441
443
445
445
445
445
448
448
448
448
450
450

grader:
4
4
5
6
8
9
9
10
10
11
15
16
16
17
17
17
17
19
20
21
22
23
24
25
27
27
28
28
31
31
31
34
34
35
36
37
37
39
39
43
43
46
46
47
48
49
51
51
52
54
55
56
56
57
58
59
59
60
62
62
63
63
63
64
65
67
69
70
71
71
71
71
72
76
77
79
80
80
82
82
84
86
86
86
88
88
91
96
96
96
98
99
100
100
100
101
102
103
104
104
104
105
106
106
106
107
109
109
109
110
111
112
114
114
114
115
116
117
117
117
119
120
125
126
127
127
128
129
129
130
131
131
132
132
133
134
136
136
136
138
139
141
141
143
143
143
144
145
147
148
148
149
149
150
151
151
151
152
154
154
154
155
155
155
157
157
158
158
158
165
166
170
171
172
174
174
175
176
177
177
184
184
185
185
190
195
195
196
196
199
200
200
202
202
202
204
204
205
208
208
209
210
213
213
216
218
218
218
218
219
219
220
221
224
225
225
226
230
230
230
231
231
232
232
232
233
236
236
236
239
241
242
243
245
245
245
246
247
247
247
248
249
250
252
252
254
256
258
259
260
261
261
261
261
261
263
263
264
264
266
266
269
270
273
273
274
275
275
276
277
278
278
279
280
280
280
282
284
284
289
289
290
291
295
295
295
295
295
296
296
297
298
298
299
300
301
301
301
302
304
306
306
307
308
308
309
309
309
310
311
312
313
314
314
316
316
316
317
318
318
321
322
322
323
324
324
325
327
327
331
332
333
334
336
339
339
339
340
340
341
341
342
344
344
344
345
346
348
348
348
349
350
350
351
351
351
352
352
353
353
354
354
355
355
357
358
359
361
361
362
364
365
368
369
369
372
374
374
374
375
376
376
377
379
380
380
381
381
382
383
384
386
386
388
388
392
395
398
399
403
403
405
406
407
408
408
411
413
415
418
418
418
419
420
420
420
421
422
422
423
423
423
424
424
424
426
429
429
429
430
431
431
431
434
435
436
440
441
441
443
445
445
445
445
448
448
448
448
450
450

==================
test 9:
student:
1
2
2
2
3
4
4
4
5
6
7
7
7
7
9
9
10
12
12
13
13
14
15
16
16
17
18
18
21
25
26
26
31
31
32
32
34
34
35
35
36
37
40
41
43
43
43
45
46
47
48
50
50
51
51
51
52
54
54
54
54
55
55
55
57
58
58
58
61
61
61
64
64
65
65
66
66
67
74
75
77
80
81
81
83
86
89
90
91
91
92
92
93
94
94
95
95
95
95
96
98
98
99
99
100
103
104
104
106
108
108
109
110
113
114
114
115
115
116
117
117
118
122
124
124
124
124
125
125
126
126
126
127
128
130
130
131
133
134
134
134
134
136
136
138
139
141
142
142
143
144
145
145
149
150
150
151
151
152
153
154
156
158
159
159
160
163
166
167
167
167
169
170
170
170
172
172
173
176
177
177
177
178
179
180
180
181
181
189
190
191
193
194
195
196
196
196
197
197
198
199
200
201
201
201
204
204
205
206
209
210
210
210
211
212
212
213
217
218
221
221
221
221
223
224
224
224
225
227
229
229
230
230
230
231
231
232
232
232
236
238
238
239
239
239
239
240
243
245
245
246
246
247
248
248
249
249
250
250
250
252
253
254
255
256
257
258
259
261
261
261
262
263
267
268
268
268
270
270
271
272
272
273
273
274
275
276
277
277
279
281
284
286
288
289
290
290
291
295
296
298
299
299
299
300
300
302
302
302
304
304
305
305
306
306
308
308
309
309
311
311
314
315
316
316
317
318
319
319
320
320
321
322
322
323
325
325
326
327
328
329
332
332
332
333
336
336
336
337
338
341
343
345
345
345
349
350
353
353
353
354
355
356
357
358
358
358
358
359
359
361
361
364
366
366
367
367
368
369
371
372
373
374
374
375
378
378
379
379
379
380
380
382
383
386
386
386
386
394
395
396
396
397
398
398
398
398
399
399
400
401
401
402
402
404
404
405
405
406
407
408
409
411
411
412
413
413
414
415
416
416
418
419
419
420
420
421
421
424
426
427
430
430
431
431
434
434
435
439
440
440
441
441
443
445
445
446
448
448
448
451
451
452
455
456
456
459
460
461
461
463
464
468
468
469
469
469
471
472
473
474
474
475
477
478
480
481
481
482
484
484
485
486
488
491
492
493
496
497
498

grader:
1
2
2
2
3
4
4
4
5
6
7
7
7
7
9
9
10
12
12
13
13
14
15
16
16
17
18
18
21
25
26
26
31
31
32
32
34
34
35
35
36
37
40
41
43
43
43
45
46
47
48
50
50
51
51
51
52
54
54
54
54
55
55
55
57
58
58
58
61
61
61
64
64
65
65
66
66
67
74
75
77
80
81
81
83
86
89
90
91
91
92
92
93
94
94
95
95
95
95
96
98
98
99
99
100
103
104
104
106
108
108
109
110
113
114
114
115
115
116
117
117
118
122
124
124
124
124
125
125
126
126
126
127
128
130
130
131
133
134
134
134
134
136
136
138
139
141
142
142
143
144
145
145
149
150
150
151
151
152
153
154
156
158
159
159
160
163
166
167
167
167
169
170
170
170
172
172
173
176
177
177
177
178
179
180
180
181
181
189
190
191
193
194
195
196
196
196
197
197
198
199
200
201
201
201
204
204
205
206
209
210
210
210
211
212
212
213
217
218
221
221
221
221
223
224
224
224
225
227
229
229
230
230
230
231
231
232
232
232
236
238
238
239
239
239
239
240
243
245
245
246
246
247
248
248
249
249
250
250
250
252
253
254
255
256
257
258
259
261
261
261
262
263
267
268
268
268
270
270
271
272
272
273
273
274
275
276
277
277
279
281
284
286
288
289
290
290
291
295
296
298
299
299
299
300
300
302
302
302
304
304
305
305
306
306
308
308
309
309
311
311
314
315
316
316
317
318
319
319
320
320
321
322
322
323
325
325
326
327
328
329
332
332
332
333
336
336
336
337
338
341
343
345
345
345
349
350
353
353
353
354
355
356
357
358
358
358
358
359
359
361
361
364
366
366
367
367
368
369
371
372
373
374
374
375
378
378
379
379
379
380
380
382
383
386
386
386
386
394
395
396
396
397
398
398
398
398
399
399
400
401
401
402
402
404
404
405
405
406
407
408
409
411
411
412
413
413
414
415
416
416
418
419
419
420
420
421
421
424
426
427
430
430
431
431
434
434
435
439
440
440
441
441
443
445
445
446
448
448
448
451
451
452
455
456
456
459
460
461
461
463
464
468
468
469
469
469
471
472
473
474
474
475
477
478
480
481
481
482
484
484
485
486
488
491
492
493
496
497
498

==================
test 10:
student:
1
1
1
2
4
5
7
7
7
9
9
9
10
11
11
12
12
13
14
15
15
15
15
16
16
16
17
20
20
25
25
26
27
29
29
29
30
30
32
33
34
34
35
36
36
38
39
40
41
43
43
44
45
45
46
46
47
49
49
49
54
55
55
55
56
58
58
61
64
65
65
66
68
71
74
80
81
81
83
84
87
88
90
90
91
92
92
93
95
95
95
96
97
98
98
99
100
101
102
103
104
104
106
107
108
108
109
109
109
111
112
113
113
114
114
114
115
116
117
118
121
122
124
124
125
125
126
127
128
128
129
130
130
133
134
134
138
138
138
139
141
142
142
143
145
145
150
151
151
151
151
152
153
153
153
154
156
158
159
160
164
165
166
166
167
168
170
170
172
174
176
177
177
178
178
179
180
181
189
190
193
194
195
196
196
197
197
198
199
201
201
201
204
204
206
210
211
211
212
212
217
218
218
218
219
221
221
222
224
224
225
227
227
229
229
230
231
231
232
232
232
233
235
236
237
238
239
239
240
241
241
245
245
245
246
246
248
248
250
250
250
251
252
253
253
254
254
255
257
258
259
259
261
261
262
263
264
267
267
268
270
273
273
275
275
276
279
279
282
284
285
286
286
289
290
290
290
291
294
294
295
296
296
296
298
299
299
299
300
300
300
301
302
304
304
304
305
305
306
306
308
311
312
313
314
316
317
318
318
319
320
321
322
322
323
325
325
328
328
329
330
332
332
333
336
336
336
337
338
339
343
343
349
351
353
353
354
355
357
357
358
358
358
359
359
360
360
361
364
364
365
365
366
366
367
367
369
371
371
371
371
374
378
378
378
379
380
381
382
383
385
385
386
386
386
386
391
392
394
394
395
395
396
396
397
397
398
398
400
401
401
404
405
407
408
409
411
411
411
411
413
413
414
415
416
416
419
419
420
420
421
421
422
424
426
428
432
432
435
436
438
439
440
440
441
442
443
445
445
446
448
448
449
451
451
452
454
455
455
455
456
460
460
462
463
464
466
467
467
468
468
472
474
477
481
481
484
486
488
490
490
491
493
495
495
497
497
499
502
502
502
502
502
503
504
504
504
504
505
506
507
507
508
510
511
512
513
515
516
517
517
518
518
519
519
520
521
521
523
526
526
531
531
532
532
534
534
535
535
535
537
537
538
540
541
543
544
544
544
545
545
546
547
548
550
550
550
551
551
551
552
552
553
554
554
554
555
556
556
557
558
558
558
561
561
561
562
563
564
564
565
566
567
567
568
571
572
575
576
577
577
580
580
581
582
582
585
586
588
589
590
590
591
591
592
593
594
594
595
595
597
598
599
602
604
606
608
610
611
613
613
615
616
617
617
622
622
623
624
624
624
624
626
626
626
628
630
631
631
632
634
634
636
636
639
640
640
641
642
644
644
647
649
650
651
652
652
653
655
657
658
659
659
662
662
662
663
663
664
667
667
667
668
669
670
670
670
670
671
672
672
672
672
673
676
676
677
677
680
680
680
681
684
685
685
690
691
693
694
696
697
699
699
699
700
700
704
705
708
709
709
710
710
711
711
711
712
712
712
713
715
715
716
717
719
720
720
720
721
721
721
721
723
724
728
728
729
729
729
730
730
731
732
732
733
734
735
736
736
738
738
739
739
740
742
743
744
745
746
746
747
748
748
748
749
749
752
753
753
753
755
756
759
760
760
761
762
762
762
763
763
765
766
767
768
768
768
770
771
772
772
774
774
776
777
777
777
779
781
782
782
784
784
785
785
787
788
788
789
789
789
790
791
791
792
792
796
798
799
799
800
800
801
802
802
803
806
808
809
809
811
812
814
814
815
816
817
817
819
819
820
820
820
821
822
822
822
825
825
826
826
826
826
827
828
828
829
829
832
833
833
834
835
836
837
837
841
841
843
845
845
845
846
847
848
848
850
850
853
853
854
855
855
856
857
858
858
858
861
866
866
866
868
869
871
872
872
873
874
875
875
876
877
878
879
879
879
880
880
880
880
881
883
885
886
890
891
891
892
892
892
898
898
899
899
900
901
901
902
902
904
904
904
905
905
906
906
910
911
912
913
915
916
916
916
918
919
919
921
922
924
925
925
927
929
930
930
931
931
931
934
934
935
935
936
937
937
937
940
940
941
942
943
944
945
948
948
948
948
950
951
951
952
956
956
957
959
959
961
961
961
962
963
964
964
968
968
969
969
969
970
971
972
972
973
973
974
974
975
977
977
978
978
979
980
980
981
982
982
984
985
988
988
990
992
992
993
996
997
998

grader:
1
1
1
2
4
5
7
7
7
9
9
9
10
11
11
12
12
13
14
15
15
15
15
16
16
16
17
20
20
25
25
26
27
29
29
29
30
30
32
33
34
34
35
36
36
38
39
40
41
43
43
44
45
45
46
46
47
49
49
49
54
55
55
55
56
58
58
61
64
65
65
66
68
71
74
80
81
81
83
84
87
88
90
90
91
92
92
93
95
95
95
96
97
98
98
99
100
101
102
103
104
104
106
107
108
108
109
109
109
111
112
113
113
114
114
114
115
116
117
118
121
122
124
124
125
125
126
127
128
128
129
130
130
133
134
134
138
138
138
139
141
142
142
143
145
145
150
151
151
151
151
152
153
153
153
154
156
158
159
160
164
165
166
166
167
168
170
170
172
174
176
177
177
178
178
179
180
181
189
190
193
194
195
196
196
197
197
198
199
201
201
201
204
204
206
210
211
211
212
212
217
218
218
218
219
221
221
222
224
224
225
227
227
229
229
230
231
231
232
232
232
233
235
236
237
238
239
239
240
241
241
245
245
245
246
246
248
248
250
250
250
251
252
253
253
254
254
255
257
258
259
259
261
261
262
263
264
267
267
268
270
273
273
275
275
276
279
279
282
284
285
286
286
289
290
290
290
291
294
294
295
296
296
296
298
299
299
299
300
300
300
301
302
304
304
304
305
305
306
306
308
311
312
313
314
316
317
318
318
319
320
321
322
322
323
325
325
328
328
329
330
332
332
333
336
336
336
337
338
339
343
343
349
351
353
353
354
355
357
357
358
358
358
359
359
360
360
361
364
364
365
365
366
366
367
367
369
371
371
371
371
374
378
378
378
379
380
381
382
383
385
385
386
386
386
386
391
392
394
394
395
395
396
396
397
397
398
398
400
401
401
404
405
407
408
409
411
411
411
411
413
413
414
415
416
416
419
419
420
420
421
421
422
424
426
428
432
432
435
436
438
439
440
440
441
442
443
445
445
446
448
448
449
451
451
452
454
455
455
455
456
460
460
462
463
464
466
467
467
468
468
472
474
477
481
481
484
486
488
490
490
491
493
495
495
497
497
499
502
502
502
502
502
503
504
504
504
504
505
506
507
507
508
510
511
512
513
515
516
517
517
518
518
519
519
520
521
521
523
526
526
531
531
532
532
534
534
535
535
535
537
537
538
540
541
543
544
544
544
545
545
546
547
548
550
550
550
551
551
551
552
552
553
554
554
554
555
556
556
557
558
558
558
561
561
561
562
563
564
564
565
566
567
567
568
571
572
575
576
577
577
580
580
581
582
582
585
586
588
589
590
590
591
591
592
593
594
594
595
595
597
598
599
602
604
606
608
610
611
613
613
615
616
617
617
622
622
623
624
624
624
624
626
626
626
628
630
631
631
632
634
634
636
636
639
640
640
641
642
644
644
647
649
650
651
652
652
653
655
657
658
659
659
662
662
662
663
663
664
667
667
667
668
669
670
670
670
670
671
672
672
672
672
673
676
676
677
677
680
680
680
681
684
685
685
690
691
693
694
696
697
699
699
699
700
700
704
705
708
709
709
710
710
711
711
711
712
712
712
713
715
715
716
717
719
720
720
720
721
721
721
721
723
724
728
728
729
729
729
730
730
731
732
732
733
734
735
736
736
738
738
739
739
740
742
743
744
745
746
746
747
748
748
748
749
749
752
753
753
753
755
756
759
760
760
761
762
762
762
763
763
765
766
767
768
768
768
770
771
772
772
774
774
776
777
777
777
779
781
782
782
784
784
785
785
787
788
788
789
789
789
790
791
791
792
792
796
798
799
799
800
800
801
802
802
803
806
808
809
809
811
812
814
814
815
816
817
817
819
819
820
820
820
821
822
822
822
825
825
826
826
826
826
827
828
828
829
829
832
833
833
834
835
836
837
837
841
841
843
845
845
845
846
847
848
848
850
850
853
853
854
855
855
856
857
858
858
858
861
866
866
866
868
869
871
872
872
873
874
875
875
876
877
878
879
879
879
880
880
880
880
881
883
885
886
890
891
891
892
892
892
898
898
899
899
900
901
901
902
902
904
904
904
905
905
906
906
910
911
912
913
915
916
916
916
918
919
919
921
922
924
925
925
927
929
930
930
931
931
931
934
934
935
935
936
937
937
937
940
940
941
942
943
944
945
948
948
948
948
950
951
951
952
956
956
957
959
959
961
961
961
962
963
964
964
968
968
969
969
969
970
971
972
972
973
973
974
974
975
977
977
978
978
979
980
980
981
982
982
984
985
988
988
990
992
992
993
996
997
998

